110101001010111010110110110101011011101011010101011101010010011010101010101010101010101010101101101101010101101010101101010101010101101010101011101011 
100100100111010100101100110111010001110011100010110111011001000101000101000101001110101111010011010001010001011111011011100011000010100011101110111101
011001011010010101001110101001001001010101100100101010100100100110111011011010010010101111010111001010110111010100101110101110010110010110110101011010
100100101110111010100101010111010111000011001000010100110101110111010101110001011101010110111000101100100010101101001010101010110101111001010101011100
100101010101010101110111010001010111101011010010101101110101001010001010110110110111000101110001011110001100100101101010110101011011010010110110101010
101010000111110101111100001111101010110111110000011101000010001010101010100011111101010101010111111010101010001010101010101000011111101010101010010001
110001110010101000101001111010101000011111100011101010001111110111010100111110101000111100101001111010101010111110011111101000100010000010101001010100
101010101010000001010010111110101110001110000110001111100111000101001010101110110011110000111111100001010110011110010101010100101010101001111010111111
010101001110001010101010101011001010101010101100110010101010101010101010111011010111111100001110101011010111101010001010101010011001010110100101010101
010010101010101101010110101010010101010010101010101010001000010101011111101010111010100101000111100010101010101010000111101011010111000001000100100101
010100001010101010101001101110101101010010101010101010100000001000000101000100000111110100000000101011010011101011010011001010011000010110101010010101
001010101010101010101010100110111011010101010111010110101010101010110010101001101010101101010101010011101010000101001010101010110111111100110100010100
101010101010110101010100101010101111010101010011101100111111111111111011111111111111011001111000010000101011101010101110010101010010010101011010101010
001011110100110011100101100101110111010010110100110001011101010001011010011101010001011101011001011001110010110010100110000100100011010100101100001010
111100111110100010010100000000000000000010000001100111111010011000110101100000001000000001111011100111111100001011110010111111011000011110011110001100
101100101001010100010101000101010010101010100101010101001010101001010101010101010100101010010101010001010101010101010101010101010101010101010001010100
010101010101000101010101010100101010101010101001010101010101010001010010010101010101010101010001010101010001010101010101010101010001010010010101010110
111111111111111111100000000111111110000000000101010101010101111111111111100011111111010001100011111000000000011111111111110101001010010010010101001010
010111111111111010101001000000000101010101010101111111111111111100000111101010101011111100101001111100010101010101111111101010100000011010101010111111
100110111001000001010001000101011111011110000010101110101010111100010010111100001011100010100001010111101101111101010100011011010100001011110110101111
000010100101010101111111010111100010010101001111111100000001011111101010010100100000000001101001101101101101101101101010101010011001000111110000111111
111110101010101000000001111110101010101011111111100000010101010000010101011111111111101111101111101111011101101101010000111000010111010110000111101010
010010100010101110101001010101010101010101010010100101101000101010010101010100101011010100101010101001010101101010100101010010101001010100101010100101
010101001010010101000101010101010010010101010010101010100010101010001010101010100101001010010101010101001000101011011001010101010100010101010101010100
111001001011101001100011011101000111011011101000100001010111111101101111000101000010111010111101011110001010111101010000010101011011010111111101010101
110110110110110100110100100001110101010101010101010101010101000001100000110000010000100110101010010010011110101011111111111111101011101111010010101010
010100101001010010100100000101010100001000111110000111011101110001011110100010101010101111100010101011101010000011110110101111101010111100010101010101
001011100111001001001000011100101110101000101010111110010000101101110110111110101101110110110111100010111101010100010101000010111110101111010101010101
000000101111111010101111000101111111110000101010101111011011011110110101101010101100001010111101011011111010101010101111101101010111010101010101010001
000001010101011111101010101110110011010101010101010111110001001010111110000101010110101100110111111000001011111100001111101010111101011011111111000101