101010101001111010100001101000011101010010110101010100110101000110011010011001010101001010011011111110100000011010100110101010101000011100010011000110
010110100101110101001010111010100010101110100101001010100010111010101000010001010110110110110101001001101101010101001010101110101000101010001010000101
010111110010011100100000010111011110111010011101000010001011010111000110111100011101110011100111000100010100001000111101110101010100111100000111000110
000100100101111011001000110101010011000001111000010101011111110011001100001110111010011011011001010111100001111001001101100101101111011011110101010101
101001001010010010110010101010100101010101010100101010100110101010101010101010101010101010101010101100100101011001010101010101010110101010010101000110
101111001010000010110011010011000110111100010011111101100000000101110111000110111111010000011010011100101010100110001101111001011001000111100100011001
000010001011110111110101110011101110101101101001100110110111110110100010000111001110011010110100101001011111001100001001111100001110011001110100010111
101011110100010101010001100110111010010111001100110110010101001111001011111100010001001001010111011010100000101011100110011101101010110100000110100011
111000110111101101010010110000011011100011011100111011001000000110110100010101111000111010000111010000011000111100001001100010111100010010001101001010
110011000110111001111111100101110101100000111001110001001000010011001000011110001001111000101010110100010100100010101001101110000101000010101011011010
010010011100010000001010011000010101100110110001100101101010000100110101010100111001110011000111111100010111110010011011001001110011101100011011001010
001100110110101100000010011111011100011001001110010101111010100010111000100011101101001111010001000001100001101101001101010010111000100001110000111111
000001010011100111001011110000101110110100100010110011100011111111100110100111100100010101101111111100000001000010100011010100000000110011111111001111
111010110010110100110001010011101111110101101001101101100011010110111100010000001111110011001110011001111110001101011001101110001001010001001000000110
110000101110010010001111101000101010011011010100011011101101101101101101100000011100111110110010111011101110110010110110111010111011100011110110110000
110010011111001110100101000110111010010011001001111101000010111111100111111001001001110100010101110100111101110011101010110111100000011011110010010010
100001110111101000001000011011011001000100001101011101101011100001000011111000100000111101011000011111011111111110010110110010100101101011101000010111
111000011011001101000100111111000010001001100001110101100011011111101011101000111110011001101001101110101010001010010001011000001001011101010000010110
000111100111100000110101000101110001111111110100110011110101100000001101100010110011111100011100101111001110010001100001111000000001001101110000100100
000000000000100111110111000101111111100111000000000001111101111111111111110010101011111100000100110000011101110001100110111111111000001000111110001011
011001111110001011101111111100010110100010101001010011001011010101000000110100110111100111101100101011011110100101111110011100001101010011111110101101
000110111000100011111100010111001010000010101010100010001001011000011111101000010010001100001101000100000000101001001011111111101111000000000101001100
001010100111010100110111111100001011000101110100101100111000111101110101000000101110011010010100101111000011101000111100000100111101000111011101110011
000011101101100100001011100101001110000110111100100100000101110100100101110111001100010110110001100100010111010011011011110010101101100110011101110101
110110010111100110011101110110010110011110011100101110010111011010111110010101011011010101110001100110101101101010111010100111101001010110010101000001
000110100000100000100001111001010110101101001011100101011110100100101010000011111111110111110001001011101101110111011100101011010101011001011100101101
001100011110011100010110010100110000111011001011110100001100111110011100000110101011000110100111110011000000010011011011101011110001110001011110011110
100101110100111001110000001111001000111001011001100101011101101100011011010101001101111111110001011111000111100110001100110011000111101101011000000001
101111110001110101000101111110011010011110110111010010110011001110110001101010110111100110110111001101110111101010010110011100110101010111110111011011
111011011000111010001101110010100110101111111001111011110000011011011111100111110111111100010100110001110001010100110100000111110001000011000110010000
011101001010110100001011011000011101010111001000100011110111010010010111011110110110111011110011111101100111111011111000100001001010110110011101010001
000010111100011110110110110100001010100000101011101111100000010011101001101100111000000000110100111001000010101111001110001101010100111101011010111000
001110100101010101111110000001010000100011001001101101100101111010010100100100110111110001100000011100111011001000000011101010100011011000010100010100
001111111110100100010111010110001001010100000110111100111001111000000110100010001111001000101001011111001010000010000001110100100101101010110100011111
010111001000001101100111001100100010001100001110100010010001010101111011011101011010101011101011110000110100110001101001110111010000001110100101110110
101100010110111011100111000101001101101100110110110111010010110111011110001001010011101011101001001010010001001101001001010011011011011010010001101111
100111010000001111101010000110101000001101000100011000100110100100000000100001001111110101001100010101001101110100110100110111011011010001110111000010
001001010001001100001100110100101011010000111000110001001011100111100100001000101100010001100110100001001100011111011000110110011000000000111000101001
010101100010000101011110010010000011100010100111010001110100110010101001101011000010110110101101001011100010001000011010000000110000000100100001010011
100110011100110101010101110110110101010111010101010100011010111000101010101110101100010111000011110010101100001110001101001010101110101011001100010110
100010100100000000000000000011101100010010111001111010110101011100101000011101000000010101010101101001010100111001011100111000110011011011000011101010
011001000100110110111011110001101101001100101000010110001101111110001110001010111110110000101010011110100110001100100111010000000110110000001001110001
001110000011000101000100001111000111000000011110000001100101010010000010001000100011110001011000111110000101010100010010101000111100101010010100101001
100011010100100111001011001000110110100011110001001111101100001001011100111000100001110101000110011110101100001001100000000001000001011110001001111100
000011111111110010011011000110001010001011001011111101111011000111101100001101001000010011100001011110100100111111111001000101110111100010010110011011
000111001110100111011000101011111100100001101110011101111110000100110010110010100100001010101101100110110110110010000101100001000001111011010010011100
100110101001011110011000000100110011100000110000101001011110001010100011110000001011001001000011000101111010110011000111110100010110101110101111111011
101001011110011001000011110010011110000000011110011001011100011001000111000100001011100010000011111100100000010000000110010101011111111101010111101110
011000010011111010101000000000010000011001001001101101101101100011110000110001010100001111010111110011100010011111011011011111011101101101100001010010
110101010001000100101010001111000011100110001111001001111000010010100100011000000011100001101101011011011110010001000101111000011010111111010100110110
100010011001111010101111010100111001001001010111110100101010010001111110100101011000011110100101000101010010101001001001111001011110111010101010111010
111000110111010001001100111010100011111011001110100011101110100110010110111100100001110000110100110101011101101001011001011010000101110100100010010110
101011001011011111111000011110100000011110000010000110001010010100101101101001100011010110101100010000111000100100110011010010000100111010001101010011
001110001101001011100100110110100110101101111011010011100110010011010111011111111000100111110010000000110100110110000000101010110100110110101000101110
010110001110110011101111101000101100100010111010010111000000000111010110011000001001101001000111111110111010000000000010101100010101100010101101000010
010011101011010110110100110111011001101011001010111001010011110100001111101010011000011011011011010101001010101111000001011100011001111100101100111011
110111001110111101000000110101110000011110111111110100011001101000100001110011110001000111100000001100100001110100100010011110111101110110101000110110
011100101000011000110011000000111101000101001011011011000111011001000110100010011100000100110110101101101101000011010110100101110001110110111111111001
011101001000000100000011111001011110011001100100110001001100011110101001100000010001100001100101100001100010001100101100000011000010111001111010000000
010111100101000100000100100110100010011110011101101111111111010000110110011001010010001110100110001001001011100011011100010000010100111010011111010001
110110011111101111011000010001110000001101111010000101000010000000001001100000000001101110000111101000010000100011101101110000100001101101011111110110
111110100111000001101100011001000101101000110010110000101000110110010011000001101011100111011001001011101011010101110100110100101011100010111100100111
000111110111000010111101110011101111010000001101011100011000100010100111011100101000000011110001001110110101101001001110010011101101110000111011101011
001000000110100011000000110000001001000001010001001011011010101101110110100010011001001000001101101011000001011001000110110000010011011100000000011101
101100001010011110111001101100011010001001100010100010001000001000111001001010111100011111111011010000100010000010010010010111010111010001111100000001
100111111111111111111111111111111111111111111111111111111111111111111111111111111000000000000000000000000000000000000000000000000000000000000000001110
100001111101101110001111100100000110110011100010000111110010101000101111101011011011100100001110110100000111010111000110000111100111011010011011111010
011001001011011101011010000101111010110101111100101011101100001010000010010110101000010011110000001011000010100110001001100000111110100001001101100100
110001110111111100011001110101010101111100011011011111000001110011001010111111100101000111010101101010110011001110000001111011100011000000110001111010
100111001100000011101100101010101011110010111000011100011110101101001011011011111100001001000101000101101011010100010110000010100111011000111000110001
101010000011111001101111111101110011010000111011111001011011011011000110011100001001101110011111101010001011011010110000010111111011001001100101101100
001001100101100101000000111111111100111100010010001001100101101010000011000010100110010011101101001101100111001111100111110100000100001001111100110011
011100001111110101001011101110010001010010101110100111010110101100101011100010001011001001010000010101111010001100100100010111011011011011100111110111
111100100101101110101010100001110100100100111100011101101110010011011111101001011001010111101001010111101000110100000010100111101001100101101110110011
001001101000111101011000001000111010110011010111100101010011000001110001101100011010000110101001001010010010110110000110111110000000010110100110001011
110010100010011100100001010010110101000010100111110110000101011011100000011100010011110100100011010000101101010111101110111100111100100010011001110010
111101011000100001000010011111000110110100000001101100111100101101111100110011101110011000100101100010100110101111000010100000000001000010010000110000
001100000001100011000000110010011011110111000111100011011001011100011111101110110100100011101011011110101001010000101001101001011101101010000000000010
101110010110101011101111010111001010001010001111000100001001011010111000010011100010000110111110110011000010000101000000100001101011011000010111111100
001010101001010011100110110100110110100111010100110001101110101100010001001101001111011001010101011001010101100010101101101010110110101100110101011101
000110011001000101111001110010001111011011110011001110100001011001010101101010001011011011111101111011011011111111111010100001011101111001000000000000
000100011000010100101010011011110010001100100110011110111111111001010100111011100010001110010111011000000100101110011101110000010010111101100011001101
101001110100000101111100011001000101011100101100011110011101101100000011001111001100010101011111010110011110011100101001010110011001100010110010001001
110110001110110001001001110110110001110110001001001110001001110001001110110110001001001110001001110110110001001001110001001110110110001110110001110110
011000011011111101001110010111001000111010111111001000110000110010000010011111010010101101001001100011100001000000110100111000111011000100000101110110
010000100110110110101001111011001100011110001110110101111011010100111001010011101111101101100000001001001100100010110110101010100001010111111010000101
000100111010001110101011101010101001010101101110001000100010101101001011101000001010101000000100010010100010110101110100011111111101100000110001000101
100011111000101010100010110010100001110010111010000011011101110000000100010000110111111000001100101000001111000011011001100001001110010011010000000101
010110100101011010011101001100111100101010011000101010101011100101010100110101010100100110101101010111010101010010101010100010110101101011101010100101
100101001010100110010101010011101000101101000110100010110110101101011010100101011010110111010011101011010110111001100011010110011001011001110100011010
010101010010001000011100000110001111000000100111010010011111011010111000100110110011111110100110010111100011110010110111010100110011010001000100110111
011100001000100111011011100101001111101011101100111110110101111000111011111111111000101001010101000010001001111010100111011111100011111011011011100000
010100101011010101010001010101101010010110011101010110010100110011011011011010101010100101001001010010011001101111010110110110110110110110011010100010
110000000000011100001111100110000001000111101111011111001100110111000010101011000011101110011100110100001101011110011101010111100000110010011100001000
011011000100100110100110110111101000001001011010001000101100001101000110111101111101001111100001001111111011110101010010101101000101111110110111011110
010101111111010110101110101110010010000010010011000111100100110101000111111010011011101101010011100001111010010011100011111000101101001010011111000011
111010000000100100011100011110111000001101111111000000001111000111101111010101001101101101111010001100001110100101111111111001011010100101011011010101
111010001100111100010100001110001110101000110110011110100111011100001101000010111010110001011010001000110111001001110101101110110011000111010011001101
110100000101110000010010110111011100010011011011111011110110111100000101010010001010010100111000001000111101010110110000111010110001101010110001011110
100101011101111111001010010000100000000001001001000010011110010001111001010111000000011011010001101100001100010100010011011000100011001110101000000001
001011101101111011011100110010101100011011011001111000001000111101101111111000111011011011101111001000101110000000010100011000010110111110000000110101
100001001110100010101110110001111110111011111111000110001110101111101010101011011000010101011111010111110101110010000010011010100101100001011101001100
100100111101010111010101111011100011101010101101001101110100110100111010000100011100110101010000111001110110000000100101011100101111101001110001110000
000011000100101011100001100110100000100011100010010011010100000101101111100111110100010101010000011111111011101001011011011001001011110011101110110110
110100010001100001110100000110010110111110101001010001111111101010100010111111010001011100000011000101010010101000101111010001010101111000000011100100
010110001111000110010111011000001100110001011100001100101100010110011001010001010110101010911100010101101001101010110010111110101100111110111111000000
001010011111010110101011100100101001100111010010110110100110101101011101101001101010010100101111011001010101101100110100101100001101101011010101101100
011000011110111000101001111011011010001001101101100100011011101000010010011111100000010100110100100101011111000011101001010110111001100101101011010100
101000011001001111111000100101000001001000101001001010010010101011010010010000101100001000101101010100010011110011101011010000000110001010010100000000
110110001011111100101110010000000001011000110101000111111000101111011111010100010011110101011010111011000110111110110101111010010101001001100010101110
010111010101011000001110000100110011101000001000101110100110100111011010101101101000010101100111000011010100000100010001111110100011100001110001111100
110111001111011111001100101001100101100101101010110110011101000101100101111001101000101001110001100010111110001111111010111100001110000011001101101001
110101000101101110101010100110011111001001000101010101110101010001011011011001001000101010110101010010110110100010101011010100101100110101001001011010
010101001011101111111101000110101111000011101011101100010110110110111000111100100000101100110110111100100101010111101001000110010010100110111101100000
100000101100101000111010100101001011101000010101011000010110010101000101111101010101101111001101111111000011110111110100110101111010010100110010100011
011001100111001111111010111000111000000011101000010010010101100100101110000100100110111111000101000111011010011001010000101001110101110100011000110011
100001010010100110011110000101110100110100001000011011001110100111011110011000001100001111011001111010100000110001011010100011001111010000011010011001
101001000001011010001010110100100111100101010010111010100011011010101001011001010101011011010001011010100101110101010100101010110101101110101001100010
101111011011000111000101010000011011000001110011110110001100111001100010011111111010111101101100010101011001000010000111000011000001110111010110101010
010010111111010111111110010100001001000011101001110000110001110100101010001001000111000011001101000100010100001101110011101100011110111100000000101101
101111111010101100110001010111111111111001111111111111100000100011010011011000101110010101111101110111101100000000011011010010101101010111111111110101
101011001110001111010010110111011011000111101001100111111111111011100011111110110111000111011111111111101110010100111110110001100011101110100111000110
101001110101101010110000001010000101100001000111001000011000101100111110010101101100011010000001111100100110100001011000100110001001010110000010000011
110100110110000101111001111001000101101001000010000111001011011111011110001001111001011111010000110001100110100101111000101001110011010100011011000011